94	10	10
1	10	10
3	10	10
96	10	10
91	10	10
95	10	10
4	10	10
97	10	10
2	10	10
98	10	10
9	10	10
5	10	10
6	10	10
7	10	10
93	10	10
8	10	10
100	10	10
92	10	10
10	10	10
99	10	10
20	13	13
15	13	13
13	13	13
17	13	13
11	13	13
14	13	13
16	13	13
19	13	13
12	13	13
18	13	13
30	22	22
39	22	22
35	22	22
33	22	22
25	22	22
32	22	22
38	22	22
22	22	22
27	22	22
34	22	22
26	22	22
40	22	22
21	22	22
29	22	22
31	22	22
37	22	22
24	22	22
28	22	22
36	22	22
23	22	22
42	42	42
48	42	42
46	42	42
50	42	42
44	42	42
43	42	42
47	42	42
49	42	42
41	42	42
45	42	42
56	55	55
67	55	55
65	55	55
70	55	55
58	55	55
66	55	55
64	55	55
68	55	55
55	55	55
63	55	55
57	55	55
59	55	55
62	55	55
53	55	55
52	55	55
54	55	55
69	55	55
61	55	55
60	55	55
51	55	55
80	71	71
74	71	71
71	71	71
76	71	71
77	71	71
79	71	71
73	71	71
75	71	71
78	71	71
72	71	71
83	87	87
81	87	87
82	87	87
86	87	87
88	87	87
87	87	87
85	87	87
84	87	87
90	87	87
89	87	87
